[[215, 99, 4], [7, 20, 5], [85, 7, 2], [24, 21, 4], [50, 90, 8], [180, 67, 6], [93, 28, 8], [114,
61, 4], [202, 36, 5], [169, 105, 7], [138, 33, 1], [15, 14, 6], [149, 35, 8], [76, 104, 6], [231,
13, 3], [151, 56, 1], [108, 108, 4], [29, 46, 3], [30, 59, 8], [113, 68, 6], [71, 58, 5], [50, 64,
5], [112, 9, 6], [253, 22, 8], [98, 104, 9], [92, 25, 4], [31, 19, 6], [156, 47, 3], [191, 89, 8],
[172, 39, 1], [200, 104, 3], [247, 31, 6], [194, 71, 8], [118, 62, 3], [48, 108, 3], [65, 29, 8],
[67, 90, 3], [157, 22, 9], [127, 55, 6], [215, 80, 3], [187, 59, 7], [229, 37, 3], [197, 22, 5],
[13, 15, 4], [179, 64, 8], [7, 93, 4], [248, 87, 7], [233, 92, 6], [107, 91, 7], [172, 20, 8], [111,
57, 9], [224, 107, 3], [177, 57, 3], [174, 24, 6], [21, 92, 6], [66, 93, 7], [171, 35, 1], [107, 8,
4], [44, 86, 8], [4, 90, 9], [168, 17, 3], [48, 52, 3], [169, 42, 2], [155, 12, 5], [60, 45, 3],
[167, 104, 1], [212, 1, 2], [191, 20, 4], [97, 29, 3], [202, 8, 6], [200, 110, 2], [10, 37, 1],
[224, 106, 4], [92, 1, 7], [138, 44, 7], [98, 10, 2], [26, 29, 8], [86, 22, 1], [102, 110, 2], [237,
101, 5], [248, 77, 5], [108, 35, 1], [37, 1, 6], [135, 34, 1], [34, 21, 9], [138, 31, 8], [85, 38,
3], [164, 55, 1], [38, 34, 2], [234, 46, 2], [52, 81, 2], [12, 29, 2], [72, 5, 4], [80, 84, 9], [15,
1, 3], [92, 7, 8], [246, 11, 4], [71, 101, 1], [179, 87, 8], [202, 91, 5], [180, 95, 5], [58, 45,
4], [72, 6, 3], [117, 54, 3], [54, 54, 2], [12, 81, 8], [160, 107, 9], [153, 67, 3], [234, 86, 7],
[57, 25, 9], [93, 40, 5], [91, 33, 5], [61, 106, 5], [133, 82, 6], [41, 2, 1], [18, 74, 8], [19, 54,
5], [95, 106, 5], [183, 97, 6], [215, 10, 9], [127, 54, 9], [73, 68, 5], [240, 24, 5], [250, 61, 7],
[204, 49, 7], [248, 75, 4]]